65
7861 11257 5477539912208008
74116 111994 1493371909130523
63664 95087 9775891537969006
2 3 5
5 9 2462869142646418
1 1 3771679948420674
1 3 100
9966606336937688 9740005473217677 583445907010364
19749 37179 1140508669256069
13973 26419 3513626523439425
7 12 6439637337963783
2 3 9429605562755370
5 1 100
4175966084693454 5040165207533386 1846283425419327
2 3 2
4 4 4198590241362000
259149987802241 6689368820300403 3534721002568495
9334 14595 5458585253152592
725831654114702 4541733210835335 2742887072719959
3626621529746551 3995165959615617 3319701929960343
2 3 1
37177 52260 3627623246300954
6 9 2903294259185990
13988 25555 2154753727553324
1 1 1000000000000
5 7 4495587747091262
6 6 3465509398779757
10 13 11234567890
52245 85277 3528041057867931
314 512 133769420
5 9 9152845331581750
7 7 6977204123379581
1000000000000 1 1
10 13 3337041873753082
6 9 497087563
3 5 840843200459482
59617 76399 8216425361382011
1 1000000000000 1
8025714536856354 9903000027803061 904922510325972
25878 28689 9188723367817961
2 2 5384712727499747
9 10 9259928947805118
6396320710057362 7814230344468181 3183274048075890
10 10 4042027009034951
8272 10247 5338458442301888
26597 37816 4245730305851899
6761462000443010 904477908128201 3043816924959190
2 2 9825445613196928
1 1000000000000 1000000000000
314 512 1024
10 13 8689503031950123
9 17 7379218941168776
5089 7407 1785197717173513
74036 112850 549053549625598
19716 29416 841088842498107
60280 106158 382504020903546
1 1 6044898352400565
48878 70096 1422160026469748
1000000000000 1 1000000000000
4 6 2271224666368145
9545048558841825 6899255672076999 9272818149758853
4 4 1760792368134037
49127 75508 3693288613316216
5 8 550103143310362
99838 101928 3638110057611840
