500
804494411 2 1 1
100 100 99 99
100 999999999 49 1
999999999 1000000000 2 999999999
1000000000 4 1 2
803061495 4 3 3
4 1000000000 1 999999999
999999999 3 3 2
1000000000 999999999 2 1
400638252 4 3 2
999999999 100 2 1
1000000000 1000000000 999999999 3
1000000000 4 1 3
4 1000000000 3 999999999
2 1000000000 1 3
1000000000 999999999 1 1
100 100 2 1
3 100 1 3
1000000000 100 2 2
100 100 1 3
671771882 1000000000 458242975 1
1000000000 634373833 687984129 3
100 4 2 3
999999999 553819129 274277625 13275303
4 999999999 1 999999998
66434218 3 2 2
3 999999999 2 1
475576299 79599546 62711377 1
1000000000 1000000000 301408972 2
100 999999999 2 2
1000000000 1000000000 432922762 516684653
100 470997877 1 2
1000000000 293794518 859896680 2
999999999 100 999999998 2
100 3 1 1
4 999999999 3 999999998
163708539 999999999 3 3
100 100 2 99
588778144 302958057 3 3
1000000000 3 3 2
900930753 3 3 1
100 999999999 2 3
100 1000000000 99 1
100 2 99 1
569981406 4 2 2
3 4 2 2
999999999 388726895 726514352 2
3 3 2 1
1000000000 3 1 1
4 999999999 2 999999998
999999999 306100163 2 1
4 292678792 1 2
999999999 4 999999998 3
1000000000 100 1 3
1000000000 100 2 16
100 4 2 2
713458743 999999999 1 232415301
160776118 100 1 1
2 2 1 1
999999999 100 1 3
4 2 2 1
4 198068727 2 2
100 2 22 1
1000000000 1000000000 1 999999999
4 1000000000 3 1
100 100 3 99
4 100 2 71
4 308024713 3 2
1000000000 889034323 2 585497466
3 999999999 2 999999998
1000000000 743670139 3 3
1000000000 3 3 1
543390985 2 25843304 1
4 999999999 2 3
999999999 130079639 121158886 3
1000000000 935367125 2 688653704
2 1000000000 1 2
1000000000 999999999 1 2
4 1000000000 1 1
100 3 98 2
4 867643142 2 2
100 1000000000 2 2
1000000000 999999999 90055928 1
755742919 1000000000 2 2
1000000000 999999999 3 1
4 4 1 2
2 1000000000 1 1
100 100 2 3
999999999 100 999999998 99
2 611627491 1 2
809198703 3 2 1
3 4 1 1
1000000000 100 1 1
100 4 1 3
4 100 3 3
4 100 1 1
100 100 70 2
4 1000000000 3 3
4 999999999 1 2
268284003 3 3 1
1000000000 999999999 2 3
999999999 4 3 1
3 1000000000 2 2
100 1000000000 2 1
4 100 3 56
4 1000000000 2 2
100 397986566 65 2
999999999 999999999 999999998 1
3 2 1 1
999999999 1000000000 3 2
3 440178503 1 1
587962907 2 570433024 1
999999999 100 999999998 3
3 4 1 2
100 100 3 1
1000000000 3 999999999 1
100 3 99 1
4 4 3 2
4 3 3 1
100 999999999 1 999999998
1000000000 3 999999999 2
999999999 4 3 3
999999999 1000000000 3 233117279
999999999 999999999 999999998 2
3 1000000000 1 197472206
1000000000 4 120887411 1
100 1000000000 1 2
100 1000000000 3 881233701
269564282 100 1 3
999999999 4 2 2
1000000000 100 999999999 2
4 3 3 2
100 4 1 1
4 1000000000 1 3
1000000000 1000000000 3 2
999999999 1000000000 3 3
999999999 999999999 999999998 999999998
2 4 1 3
1000000000 100 999999999 1
1000000000 1000000000 1 4469475
999999999 4 1 1
100 1000000000 3 875437474
1000000000 100 3 1
100 4 3 1
4 4 1 3
1000000000 4 3 2
100 2 1 1
914040527 100 1 2
100 999999999 99 3
999999999 999999999 999999998 3
4 1000000000 2 999999999
2 1000000000 1 999999999
3 999999999 1 79992930
135818523 100 127108945 1
2 251894516 1 3
999999999 100 1 1
270079655 4 13920983 1
100 1000000000 1 999999999
3 999999999 1 3
1000000000 999999999 1 999999998
1000000000 100 1 2
999999999 999999999 1 1
1000000000 999999999 2 2
2 100 1 2
19089712 3 3 1
452792670 1000000000 2 115192647
999999999 100 3 3
249097053 100 3 2
365482087 971250614 97597 28576180
4 1000000000 1 809590669
4 100 1 3
3 387806766 2 3
100 1000000000 1 1
351511977 1000000000 3 1
2 100 1 66
3 4 2 3
100 1000000000 99 3
3 2 2 1
1000000000 100 2 1
999999999 100 2 2
100 351514573 1 3
606735969 100 574575067 9
2 4 1 2
100 999999999 99 1
100 2 3 1
999999999 1000000000 3 999999999
999999999 4 3 2
564769898 999999999 3 3
4 625855660 3 1
2 590064564 1 410727603
4 999999999 2 2
100 999999999 2 1
1000000000 2 2 1
2 999999999 1 2
100 4 3 3
100 100 3 48
406955220 100 2 1
100 4 99 2
999999999 1000000000 999999998 3
3 565428755 1 2
4 3 2 2
999999999 153855548 3 2
515006471 3 3 2
4 4 2 1
998645846 2 2 1
100 999999999 1 4861357
4 999999999 3 2
474573491 100 2 2
1000000000 4 999999999 1
999999999 1000000000 2 1
100 999999999 1 2
4 999999999 1 1
1000000000 1000000000 2 2
3 3 2 2
704993648 595827515 1 3
100 2 2 1
999999999 2 2 1
1000000000 100 1 99
4 4 2 3
903145896 4 200741956 3
3 100 2 1
100 100 3 3
100 1000000000 2 3
2 100 1 1
1000000000 100 999999999 99
100 1000000000 3 999999999
100 3 1 2
999999999 999999999 3 999999998
999999999 999999999 1 999999998
2 243229745 1 59406209
3 3 1 2
1000000000 1000000000 999999999 2
100 999999999 2 999999998
3 100 1 1
3 525092475 2 3
543383962 764857696 2 41522173
100 4 1 2
630783940 100 3 2
4 249842301 1 1
3 100 1 99
1000000000 100 3 99
999999999 999999999 2 1
1000000000 1000000000 3 999999999
999999999 999999999 1 2
100 3 2 1
1000000000 1000000000 999999999 999999999
2 999999999 1 235322552
999999999 4 1 2
999999999 999999999 2 3
3 1000000000 1 2
999999999 3 1 2
100 1000000000 99 2
804684832 197217720 1 153175513
3 1000000000 2 1
999999999 3 2 1
999999999 100 999999998 1
1000000000 1000000000 3 3
4 4 2 2
3 190048202 1 3
999999999 4 1 3
999999999 3 1 1
699118378 100 371255050 53
999999999 999999999 2 999999998
999999999 3 976671636 2
251333014 100 1 2
3 999999999 1 1
999999999 1000000000 2 2
999999999 3 999999998 2
4 2 1 1
1000000000 723284552 647366837 1
1000000000 4 1 1
3 4 2 1
1000000000 1000000000 990110168 2
3 4 1 3
100 2 9 1
1000000000 999999999 999999999 3
2 4 1 1
100 999999999 3 607160337
2 270189690 1 1
3 1000000000 1 999999999
999999999 999999999 13776769 2
100 999999999 99 2
1000000000 999999999 999999999 1
999999999 100 3 1
999999999 999999999 3 361042743
427727826 1000000000 3 1
100 1000000000 3 3
3 999999999 2 478452455
3 1000000000 2 3
100 100 1 1
100 3 3 1
1000000000 4 3 3
100 999999999 3 2
999999999 100 1 2
992439437 2 2 1
999999999 100 3 89
588175668 2 2 1
999999999 2 1 1
4 999999999 3 1
999999999 4 627313199 3
1000000000 999999999 313743023 2
2 999999999 1 1
999999999 1000000000 2 3
4 4 3 3
100 999999999 5 3
999999999 999999999 2 2
1000000000 748176992 2 3
4 3 1 1
999999999 3 618585901 2
999999999 100 3 99
999999999 4 999999998 2
1000000000 4 3 1
1000000000 100 3 2
999999999 2 999999998 1
100 4 84 3
586838884 999999999 2 2
3 560442205 2 3
100 3 3 2
4 999999999 1 3
1000000000 3 2 1
1000000000 999999999 3 2
2 43534587 1 1
1000000000 1000000000 1 1
3 999999999 1 2
100 39439397 2 35075686
999999999 1000000000 3 780175482
999999999 1000000000 999999998 999999999
2 736436882 1 1
997867345 170075009 374134420 2
100 916630865 1 2
999999999 100 2 99
2 999999999 1 3
999999999 999999999 3 3
100 999999999 1 1
2 475952396 1 3
100 999999999 43 2
275678673 999999999 1 1
999999999 999999999 3 1
1000000000 999999999 3 999999998
100 100 99 3
1000000000 2 3 1
999999999 100 2 11
100 999999999 72 3
1000000000 2 999999999 1
3 929445484 2 1
697757447 999999999 3 614333645
3 3 1 1
1000000000 4 999999999 3
1000000000 3 1 2
999999999 1000000000 999999998 2
4 100 3 2
3 332461468 2 3
999999999 878891013 1 3
1000000000 100 75322340 3
1000000000 1000000000 3 1
4 999999999 2 1
189832940 1000000000 2 3
1000000000 1000000000 2 999999999
100 1000000000 3 2
999999999 1000000000 3 218565021
820459816 1000000000 228363612 2
100 999999999 3 999999998
999999999 4 618409559 1
3 999999999 2 3
1000000000 999999999 2 999999998
4 100 2 3
204388631 3 2 2
1000000000 999999999 1 3
312920545 1000000000 309279031 2
1000000000 999999999 3 3
1000000000 100 999999999 3
100 3 99 2
1000000000 100 3 3
3 637320062 1 460765579
3 999999999 1 999999998
100 100 99 2
100 999999999 99 999999998
4 100 1 2
999999999 3 132294377 2
4 1000000000 2 374349453
100 380837481 37 96807255
999999999 999999999 470395372 2
38475058 4 38289611 2
1000000000 1000000000 999999999 1
1000000000 84082569 375561153 2
3 999999999 1 701097245
1000000000 999999999 2 47219043
4 100 3 99
100 1000000000 99 999999999
4 1000000000 2 1
999999999 489345280 108542079 3
999999999 1000000000 488516079 1
4 1000000000 2 3
1000000000 760355100 2 1
4 345870621 1 11170728
4 21218471 2 2
4 100 2 1
3 999999999 2 2
3 1000000000 1 859457977
3 1000000000 2 999999999
999999999 1000000000 3 1
904027769 100 278679397 3
1000000000 100 3 62
999999999 4 2 1
100 999999999 3 1
377173489 999999999 3 1
100 999999999 1 913663288
3 100 2 3
3 100 2 2
3 100 2 99
1000000000 100 99694839 3
100 100 1 99
100 100 3 2
1000000000 100 2 3
100 100 1 2
999999999 100 1 99
100 4 99 3
100 4 2 1
4 100 2 2
404696558 1000000000 344580310 355699065
100 100 99 1
207868204 1000000000 2 225202610
999999999 3 999999998 1
100 1000000000 3 1
4 3 1 2
999999999 999999999 1 3
1000000000 2 592728920 1
245635459 1000000000 2 2
4 2 3 1
4 1000000000 1 2
2 999999999 1 999999998
999999999 3 3 1
999999999 1000000000 2 724564983
1000000000 1000000000 2 1
3 100 1 2
999999999 234259462 1 104118482
501599341 999999999 2 3
3 750409238 1 2
1000000000 4 999999999 2
3 999999999 2 217585714
999999999 1000000000 1 999999999
4 999999999 3 3
3 1000000000 1 1
1000000000 999999999 999999999 2
999999999 1000000000 1 2
2 3 1 2
1000000000 999999999 999999999 999999998
100 999999999 1 3
999999999 3 2 2
880984255 1000000000 1 3
4 4 3 1
2 100 1 3
999999999 4 37069733 2
1000000000 4 2 2
4 4 1 1
163592637 549432548 2 110629430
100 4 3 2
999999999 100 2 3
977912389 734778827 532290378 1
100 100 2 2
4 1000000000 3 2
1000000000 354487415 2 1
1000000000 3 2 2
1000000000 1000000000 1 2
2 3 1 1
1000000000 1000000000 2 3
4 410312616 3 176330867
1000000000 3 198570665 2
999999999 999999999 3 2
779009402 100 3 3
900200350 242692999 164767257 3
100 999999999 3 3
3 1000000000 1 3
1000000000 1000000000 1 3
999999999 1000000000 999999998 1
1000000000 4 2 3
1000000000 2 1 1
1000000000 4 2 1
499812538 999999999 1 1
4 100 1 99
100 1000000000 2 999999999
4 100 3 1
201238540 100 49757290 14
999999999 4 999999998 1
1000000000 100 2 99
999999999 100 3 2
999999999 1000000000 1 1
999999999 4 2 3
999999999 1000000000 1 3
205684158 100 1 3
999999999 2 3 1
100 4 99 1
100 1000000000 1 3
4 100 2 99
2 100 1 99
4 100 1 40
4 40276081 1 3
100 3 2 2
1000000000 100 2 27
4 3 2 1
